=====================================================================================
CHECKPOINT COMPARISON - VALIDATION PERPLEXITY
=====================================================================================
Model                                          Step 1000  Step 5000  Step 10000    Final
-------------------------------------------------------------------------------------
esm2_baseline_lr1e-3_w1k                        13.6415   12.9710    12.7576 12.8015
esm2_baseline_lr1e-3_w2k                        13.6643   13.0539    12.7833 12.8158
esm2_baseline_lr4e-4_w1k                        13.6531   13.1189    12.9000 12.8873
esm2_baseline_lr4e-4_w2k                        13.7824   13.0749    12.7607 12.8167
esm2_lr1e-3_w1000                               13.6211   13.0168    12.7102 12.7619
esm2_lr1e-3_w2000                               13.7014   12.9643    12.7360 12.7587
esm2_lr4e-4_w1000                               13.6274   13.1066    12.8123 12.8668
esm2_lr4e-4_w2000                               13.7961   13.0278    12.7624 12.8404
mlstm_1layer_lr1e-3_w1k                         13.7662   13.6050    13.4274 13.4359
mlstm_1layer_lr1e-3_w2k                         13.7963   13.5591    13.4384 13.4955
mlstm_1layer_lr4e-4_w1k                         13.8623   13.5282    13.4446 13.4544
mlstm_1layer_lr4e-4_w2k                         13.8169   13.5472    13.4337 13.4693
mlstm_6layer_lr1e-3_w1k                         13.7034   13.4593    13.3301 13.2948
mlstm_6layer_lr1e-3_w2k                         13.7890   13.3752    13.3025 13.2874
mlstm_6layer_lr4e-4_w1k                         13.7375   13.4270    13.3213 13.3160
mlstm_6layer_lr4e-4_w2k                         13.7338   13.3924    13.3034 13.3060
mlstm_12layer_lr1e-3_w1k                        13.6778   13.3640    13.1960 13.2507
mlstm_12layer_lr1e-3_w2k                        13.7094   13.3760    13.2460 13.1605
mlstm_12layer_lr4e-4_w1k                        13.6756   13.4050    13.2569 13.2904
mlstm_12layer_lr4e-4_w2k                        13.7666   13.4132    13.2707 13.3040
mlstm_lr1e-3_w1000                              13.6803   13.4118    13.1993 13.2916
mlstm_lr1e-3_w2000                              13.6902   13.4395    13.2967 13.2738
mlstm_lr4e-4_w1000                              13.6892   13.4034    13.2938 13.2962
mlstm_lr4e-4_w2000                              13.7501   13.4765    13.2220 13.3120
=====================================================================================
